5   0   0   0   0   0   0
6   0   0   1   0   0   0
7   0   0   1   0   1   1
8   1   0   1   0   2   1
9   1   0   2   0   3   1
10  1   0   2   0   4   3
11  1   0   2   0   5   4
12  1   0   3   0   6   5
13  1   0   3   0   6   6
14  1   0   4   0   7   7
15  1   1   4   0   9   8
16  1   2   4   1   10  8
17  1   2   4   2   14  8
18  1   2   4   2   14  8
19  1   2   4   2   16  9
20  1   3   6   2   16  9
21  1   3   6   4   16  11
22  1   6   6   4   16  12
23  1   8   6   4   16  13
24  1   8   8   6   17  14
25  1   9   8   6   19  16
26  1   11  8   6   19  20
27  1   15  8   6   20  22
28  1   17  8   6   20  25
29  6   17  8   6   20  27
30  6   17  11  6   20  27
